318 40 0
156 22 0
276 433 0
95 234 1
130 147 0
387 496 0
336 117 0
298 418 0
336 67 0
346 77 0
489 353 0
252 9 0
489 358 0
18 157 0
343 427 0
454 79 0
437 485 0
246 228 0
351 258 0
125 111 0
409 321 0
77 195 0
479 144 0
207 410 0
117 156 0
121 357 0
378 225 0
151 428 0
343 25 1
77 127 0
422 7 0
454 479 0
189 281 0
47 302 0
146 307 0
38 243 1
295 386 0
370 14 0
487 94 0
244 324 0
42 496 0
222 219 0
456 3 0
177 173 0
52 287 0
145 111 0
116 349 0
416 275 0
313 211 0
10 162 0
43 7 0
174 423 0
181 327 1
456 97 0
49 122 0
474 71 0
10 11 0
100 266 0
77 52 0
361 216 0
52 22 0
125 94 1
250 98 0
178 204 0
43 482 0
307 189 0
125 73 0
437 216 0
198 156 0
295 435 0
239 181 0
343 241 0
200 56 0
35 266 0
277 279 0
497 227 0
109 258 1
137 121 0
293 188 0
158 202 1
276 257 0
380 382 0
164 252 0
13 367 1
499 425 0
189 313 0
378 382 0
405 35 0
269 478 1
393 169 0
313 168 0
454 465 0
389 136 0
293 195 0
450 86 0
405 101 0
64 174 0
43 100 0
420 190 0
450 478 0
391 98 0
2 301 0
181 105 0
194 134 0
268 123 0
430 127 0
393 135 0
290 95 0
457 234 0
388 328 0
77 209 0
192 301 0
137 15 0
60 79 0
109 111 0
486 124 0
303 273 0
222 333 1
69 237 0
385 337 0
308 144 0
47 306 0
423 323 0
293 447 0
411 28 0
145 7 0
62 72 0
142 408 0
497 210 0
118 134 0
130 346 0
399 102 0
405 135 1
248 474 0
56 216 0
276 56 0
89 387 0
254 102 0
425 100 0
254 186 0
345 305 0
393 271 0
489 286 0
252 124 0
206 337 0
279 465 0
407 423 0
5 186 1
5 163 0
23 196 1
314 410 0
254 1 0
286 99 0
30 161 0
99 69 0
194 99 0
177 216 0
372 441 0
351 304 0
287 347 0
256 291 0
268 219 0
414 313 0
450 402 0
115 279 0
325 152 0
326 54 0
6 151 0
405 241 0
184 86 0
280 449 0
186 55 0
286 173 0
237 197 0
126 313 1
413 289 0
450 385 0
178 96 0
430 222 0
108 252 0
200 325 0
109 15 0
406 180 0
43 250 0
23 82 0
320 7 0
436 273 0
267 114 0
299 197 0
83 94 0
266 283 0
203 237 0
65 255 0
313 404 0
343 214 0
201 203 1
490 118 0
361 466 0
343 191 0
117 288 0
496 222 0
60 429 0
471 422 0
378 387 0
447 183 0
496 87 0
445 208 0
246 201 0
90 194 0
476 430 0
216 151 0
406 381 0
94 412 0
109 11 0
186 470 0
64 172 0
369 358 0
487 144 0
5 406 0
452 458 0
429 127 0
448 271 0
1 147 0
286 147 0
436 423 0
457 157 0
452 71 0
450 168 0
184 91 0
389 395 0
340 215 0
178 491 0
275 300 0
234 9 0
297 273 0
13 9 1
113 300 0
412 480 0
406 71 0
387 102 0
373 427 0
128 283 0
64 100 0
257 285 0
495 140 0
57 248 0
343 22 0
227 460 1
354 479 0
372 436 0
128 478 0
453 452 0
338 490 0
360 124 0
43 17 0
458 121 1
208 367 0
191 328 0
99 421 0
308 455 0
32 257 0
167 222 0
416 121 0
493 404 0
488 1 0
63 242 0
73 135 0
60 174 0
329 79 0
327 132 0
373 487 0
354 258 0
303 382 0
385 215 0
435 127 0
327 11 0
292 282 0
60 430 0
334 248 0
16 125 0
398 111 0
69 265 0
241 270 0
50 325 1
450 274 0
271 174 0
116 199 0
167 184 0
484 399 0
490 475 0
480 234 0
379 372 0
188 173 0
338 498 0
7 258 0
450 196 0
451 457 0
92 276 0
346 56 1
393 5 0
84 300 0
495 77 0
124 157 0
447 11 0
271 134 0
303 182 1
68 237 1
287 4 0
458 276 0
13 306 1
407 28 0
189 143 0
353 258 1
323 172 0
354 66 0
233 223 0
460 302 0
82 284 0
473 276 0
82 456 0
439 273 0
361 12 0
84 222 0
234 194 0
184 286 0
479 252 0
16 4 0
94 182 1
6 168 0
342 133 0
280 13 0
7 480 1
363 282 0
313 409 0
178 293 0
383 237 0
45 472 0
246 416 0
278 311 0
406 130 0
60 484 0
398 194 0
417 210 0
57 405 0
387 135 0
487 100 0
332 9 0
308 488 0
463 225 0
276 156 1
381 294 0
474 291 0
7 318 0
409 475 0
391 234 0
96 96 0
439 282 0
360 165 0
1 261 0
393 67 0
279 33 0
463 124 0
490 289 0
102 82 0
96 96 0
474 346 0
308 218 0
352 234 0
8 89 0
403 222 0
226 179 0
254 441 0
291 144 0
59 58 0
417 122 0
233 495 0
268 80 0
236 313 0
417 399 0
7 179 0
45 278 0
483 109 0
323 50 0
13 448 0
343 152 0
435 169 0
218 4 0
449 120 1
371 177 0
279 50 0
314 66 0
472 233 0
1 262 0
496 483 0
94 80 0
391 318 0
317 350 1
117 143 1
94 179 0
361 178 0
56 433 0
38 450 0
116 285 0
468 24 0
266 237 0
109 227 0
201 239 0
128 15 0
344 45 0
266 319 1
343 132 0
435 54 0
63 257 0
301 89 0
486 458 0
144 333 0
76 121 0
201 206 0
277 129 0
250 71 0
47 304 0
484 97 0
436 99 0
246 145 0
194 71 0
276 17 0
457 127 0
447 89 0
327 191 0
128 317 0
119 137 0
387 183 0
495 163 0
59 284 0
96 79 0
373 172 0
95 185 0
5 208 0
305 49 0
94 42 0
418 333 0
429 227 0
158 1 0
487 69 0
387 82 0
106 211 0
105 343 0
58 433 0
161 215 0
128 161 1
267 293 0
151 111 0
411 79 0
226 283 0
22 451 0
216 93 0
143 326 0
484 56 1
30 50 0
496 484 0
312 180 0
394 238 0
267 480 0
115 282 0
272 183 0
149 327 0
288 173 0
45 24 0
373 117 0
16 55 0
351 341 0
466 324 1
222 328 0
267 423 0
130 79 0
91 300 0
367 258 0
1 11 0
496 181 0
266 275 1
391 286 0
399 450 0
367 331 0
455 22 0
354 275 0
216 3 0
64 419 0
72 177 0
394 132 0
44 229 0
178 228 0
288 340 0
417 39 0
18 482 0
267 53 0
419 478 0
343 72 0
425 4 0
109 111 0
450 470 0
